p,r,e,c,i,s,i,o,n,",",r,e,c,a,l,l
0.17680628914775065,1.0
0.756016852918601,0.9967630729220873
0.7945002697716781,0.9948521655108966
0.8145718233499261,0.9935266598052859
0.8276251879171547,0.9924422018607962
0.8370299719657618,0.9913993747663084
0.8443751490015146,0.9902707161662613
0.8504074186333603,0.9892235204023287
0.8555290110893475,0.9881932853550636
0.8599419943910452,0.9872653285689138
0.8638265885416374,0.9863543324994314
0.8672981140934027,0.985501414035507
0.8703995169897449,0.984708115060474
0.873186611836351,0.9838868052048841
0.8757361936225854,0.9830996737631847
0.8780403769594255,0.982336955474264
0.8801962632737291,0.9816068737159003
0.8821767949007747,0.9808541776686467
0.8840135665755846,0.9801269226963942
0.8857283357975205,0.9794212540908093
0.887339776483287,0.9787479650352257
0.8888556995490245,0.978049748865752
0.8902973478721506,0.9773792865962797
0.8916268141824405,0.9766916066295843
0.8929552331445418,0.9760298816990013
0.8942305721460607,0.9754000223573084
0.895404406253858,0.9747783863933935
0.8965737851983301,0.9741575213711454
0.8977104106152095,0.9735425669016754
0.8987735661159271,0.9729399474988725
0.8997797047796738,0.9723663668988486
0.9007762943201172,0.971796127046047
0.9017194204370199,0.9712253732321344
0.9026347176316719,0.970663356757111
0.9035365103527176,0.9701254964543108
0.9043830173090102,0.9696071666737336
0.9051966185937019,0.9690767588070449
0.9060054403479977,0.9685617697736901
0.9067764807265734,0.9680501214875576
0.9075153146877587,0.9675562048597592
0.9082255033660713,0.9670556067375162
0.9089288488961245,0.9665868742041633
0.9096322997639221,0.9661114601763657
0.910300025460993,0.9656332193624569
0.9109553340818198,0.9651822184874381
0.9115853503068714,0.9647224802735301
0.9121971343617684,0.9642737922235114
0.9128064605943077,0.9638269030373817
0.9134168145219649,0.9633892651512523
0.9140175357929952,0.9629369793734557
0.9145896237184707,0.9625031961956598
0.9151670460992917,0.9620647873678638
0.91572044964233,0.9616325460734013
0.9162626196065443,0.9612108409817172
0.916779832832852,0.9607721751733656
0.9172948128693368,0.9603574085566816
0.9177839256230835,0.9599390442122196
0.918265499157422,0.9595016633066459
0.9187520371196433,0.9590694220121835
0.9192255461734286,0.9586379516593877
0.9196919933463696,0.9582118778982588
0.9201483767436119,0.9577822064093521
0.9206168691562456,0.9573538198232231
0.9210577998080596,0.9569346845370945
0.9215122194928602,0.9565263424342997
0.9219477406544424,0.9561077211092822
0.9223611334674798,0.9556793345231533
0.9227976945139074,0.9552352721231347
0.9232132212644056,0.9548151089147839
0.9236237824244349,0.954398543434211
0.924018905044664,0.953987374545305
0.9244205469804317,0.9535584739980649
0.9248058416553551,0.9531580982924927
0.9251797272144022,0.952753867878587
0.9255693514041912,0.9523509223674591
0.9259634026478637,0.9519392395174419
0.9263351583677013,0.951530383453536
0.9266840883785064,0.9510986561201846
0.9270552904704948,0.9506877442118342
0.9274211144868849,0.9502742624979281
0.9277670875755977,0.9498381664951322
0.9281136712417757,0.9494357349451154
0.9284658360389325,0.9490351022589876
0.9288114721718007,0.9486064586923031
0.9291500758986715,0.9481896362311746
0.9294717468897121,0.9477910593894913
0.9298042335275243,0.9473619018616957
0.930138288164921,0.9469443084589004
0.9304722864502692,0.9465421338894393
0.9307991668008728,0.9461106635366435
0.9311431382253544,0.9456732826310698
0.9314487457128561,0.9452531194227188
0.9317616510849189,0.9448396377088127
0.9320597495202884,0.9444307816449068
0.9323536660239388,0.9440057358060002
0.9326531011389668,0.9435927680532052
0.9329523492872309,0.9431844259504104
0.9332550322082698,0.9427601510531706
0.9335471460633882,0.9423523229114869
0.9338356986643676,0.9419198246364688
0.9341179440174497,0.9415042870781183
0.93441594793162,0.9410936321503234
0.9346756340628279,0.9406960832308623
0.9349604173767997,0.9403041878836238
0.9352485332864203,0.9399205159141634
0.9355187047957307,0.939511916830813
0.9357868902918385,0.9390961222919068
0.9360707167052174,0.9386862383057786
0.9363389749486838,0.9382665890585389
0.9365964638085083,0.9378528503640772
0.9368640406972862,0.9374367988446154
0.9371133660279716,0.9370192054418203
0.9373639481675953,0.9366121482418033
0.9376095116321685,0.9361847895778966
0.9378609009736664,0.9357638554278791
0.9381123753856765,0.9353462620250839
0.9383569222436439,0.9349399757667336
0.9386120817328614,0.9345195555778272
0.9388551746760702,0.934090141069476
0.9390937967110268,0.9336692069194584
0.9393477181256661,0.9332585519916635
0.9395802595681457,0.9328183442999786
0.9398175202145164,0.9323902146944052
0.9400558392910883,0.9319659397971652
0.9402825333582353,0.9315293298332582
0.9405194666301174,0.9310911779860177
0.9407684884160431,0.9306532831193328
0.9409972046409252,0.9302092207193142
0.9412289448812261,0.9297528232526285
0.9414741013037864,0.9293226378026107
0.9417250959810914,0.9288772904998144
0.941959137551679,0.9284296303720179
0.9421990655519946,0.9279842830692215
0.942452375698975,0.9275260867386469
0.9426771232156501,0.9270614658941831
0.942900447639654,0.9265963310886082
0.9431353839921321,0.9261214310219217
0.9433750372878976,0.9256578380996802
0.9436289991576169,0.9252045243996613
0.9438697327052686,0.9247080379663073
0.9441212665958242,0.9242377635496211
0.9443708097749827,0.9237387073107113
0.9446069183836859,0.9232453046440241
0.944850398855691,0.9227614102578928
0.9450922831052754,0.9222998731800959
0.9453478639452341,0.92181392294952
0.9455902075824771,0.921329257621722
0.945828258848608,0.9208458771967019
0.9460777890725881,0.9203239496883469
0.9463216744316887,0.9198146142272144
0.9465787054652759,0.9193093904549712
0.9468283552445508,0.9187990270716166
0.9470761243702993,0.9182788984271505
0.947344994361888,0.9177741886160183
0.9475924496724031,0.9172327305854403
0.9478472842042945,0.9166848480409729
0.9481016404925919,0.9161667752409514
0.9483528674633632,0.9156152949687062
0.9486023408513078,0.9150843731409063
0.9488407610162098,0.9145136193269936
0.9490840318822232,0.9139500609686368
0.9493202800609608,0.913384703746391
0.9495697294869636,0.9128018718463667
0.9497996303791223,0.9122108165685643
0.9500504019299494,0.911631582396318
0.9503119509027477,0.9110451527685157
0.9505674142304994,0.9104204330379342
0.9508160883299396,0.909803165743464
0.9510712381933425,0.9092033731267724
0.9513225784926146,0.9085848209295244
0.9515615767500308,0.9079762909739435
0.9518425175029526,0.9073664761155847
0.952108576128276,0.9067615438877817
0.9523637054076515,0.9061491592238673
0.9526198986260803,0.9055277802405081
0.9528642971587715,0.9049030605099265
0.9531272049918917,0.9042778268182338
0.9533796999473468,0.9036302358182068
0.9536447331961344,0.9029960078070692
0.9539127916548266,0.9023440481375977
0.9541961233083394,0.9016748707709031
0.9544683000001362,0.9009776825236518
0.9547442554178347,0.9003146726902909
0.9550198213297805,0.899653461720819
0.9553098958297774,0.8989562734735677
0.9556152587909247,0.8982431524318713
0.9559023486123229,0.8975331151568416
0.9561895174438008,0.8967888994679217
0.9565059122212423,0.8960554769623357
0.9568003326452659,0.8952742560734142
0.9571070064678514,0.8945269566178276
0.9573973977280704,0.8937364844289057
0.95769115860448,0.8929526937344285
0.9580000375285466,0.8921604226816178
0.9583088480492308,0.8913676376676959
0.9586375052595267,0.8905273112509942
0.9589783093070434,0.8896962361342929
0.9593237131153247,0.8888286697787012
0.9596576867722316,0.8879467125119977
0.960021415658462,0.8870344315397376
0.960371413897328,0.8860961955313651
0.9607109197603194,0.8851461384174366
0.9610734936730077,0.8841536795118398
0.961450251196112,0.8831655892756874
0.9618308697362538,0.882165163972868
0.962193894044909,0.8811223368783802
0.9625833638067216,0.8800633200088915
0.9629757992972091,0.8789595885227345
0.9633565629722883,0.877837097456021
0.9637526032044132,0.8767038132059738
0.9641405377136473,0.8755106524864796
0.9645533109346902,0.8743162068642076
0.964959296970654,0.8731204763391578
0.965357311232513,0.871915237533552
0.9657776684413564,0.8706444686862769
0.9661962699568731,0.8693505715890008
0.966618446036536,0.8680052783806114
0.967090924941156,0.8666473931249992
0.9675477612377777,0.8652491619221632
0.9680232909765034,0.8637668980776569
0.968480201732251,0.8622203890942591
0.9689452170635101,0.860685958196973
0.9694108353951136,0.8590834274524618
0.9698763344869866,0.857404830463503
0.9704007061702764,0.8557190380189883
0.9709102606918181,0.8539427884189142
0.971455407698904,0.8521115449799491
0.9719881544504541,0.8502106598104254
0.9725232635975374,0.8482630041797887
0.9730718848409972,0.8462351706158153
0.9736421024424311,0.8440796177157256
0.9742449178910103,0.8418377193489655
0.9748455957485413,0.8394663027822
0.9754645769005323,0.8369257930098719
0.9760889809116569,0.8342167039930923
0.9767365817177007,0.8313364659263057
0.9774075030960673,0.828306922156735
0.9781023343272324,0.825031704976043
0.9788183442685796,0.8214935966870067
0.9795836385911556,0.8177879370757412
0.9803363995313252,0.8138224701227982
0.9811372694708265,0.8096634968115137
0.9819768710178106,0.8051082594835461
0.9828862256657996,0.8000573066638913
0.983806667752841,0.7944913648108816
0.9847626269419921,0.7882734632884003
0.9857949672282594,0.7812465869769963
0.9869412645481009,0.773416646429448
0.9882889967802051,0.7644069081512948
0.9897172635569629,0.7536594673564024
0.9912783520610584,0.7408240595475344
0.9930365619239544,0.7245900838913024
0.9947972002545223,0.7030836381765174
0.9964050601438357,0.6714567842224218
0.9981391200425488,0.609111759558713
0.9999999999928572,3.597727777927683e-06
